0 0.491406 0.297222 0.017188 0.083333
0 0.492708 0.396296 0.022917 0.131481
0 0.286719 0.629630 0.051562 0.305556
0 0.222396 0.206481 0.008333 0.042593
0 0.513281 0.633796 0.055729 0.104630
0 0.426302 0.275926 0.014063 0.070370
0 0.403385 0.263426 0.014063 0.045370
0 0.485156 0.805556 0.107813 0.388889
0 0.525781 0.394444 0.028646 0.138889
0 0.311458 0.233333 0.008333 0.046296
0 0.259115 0.250926 0.010937 0.059259
0 0.299740 0.258796 0.015104 0.069444
0 0.240365 0.232407 0.006771 0.046296
0 0.201563 0.229167 0.010417 0.039815
0 0.366406 0.282870 0.011979 0.075000
0 0.218490 0.282870 0.016146 0.075000
0 0.405990 0.294444 0.025521 0.085185
0 0.253125 0.229630 0.008333 0.046296
0 0.214323 0.208333 0.006771 0.040741