0 0.443672 0.505926 0.016927 0.083148
0 0.459792 0.479630 0.013750 0.086296
0 0.639323 0.678704 0.018229 0.077778
0 0.526068 0.482407 0.014740 0.062963
0 0.422668 0.492324 0.014607 0.083130
0 0.494132 0.465762 0.011841 0.087920
0 0.433989 0.481549 0.013480 0.085235
0 0.150164 0.743750 0.033318 0.056389
0 0.829375 0.334351 0.011458 0.072037
0 0.065365 0.189815 0.009896 0.046296
0 0.847396 0.344907 0.013542 0.065741
0 0.149586 0.343058 0.020828 0.049625
0 0.096276 0.161806 0.011302 0.041389
0 0.864818 0.519852 0.015990 0.086408
0 0.047758 0.195025 0.009265 0.052171
0 0.041653 0.205909 0.009971 0.055522
0 0.210361 0.376179 0.033027 0.041160
0 0.056747 0.194698 0.008854 0.051852
0 0.084839 0.446179 0.018342 0.058753
0 0.874453 0.336620 0.019740 0.054537
0 0.158874 0.040817 0.006514 0.040008
0 0.191091 0.074066 0.008173 0.033059
0 0.204985 0.062716 0.008528 0.029816
0 0.953761 0.390556 0.009249 0.035000
0 0.531027 0.162664 0.014332 0.030884
0 0.070794 0.412994 0.008970 0.021380
0 0.198614 0.081655 0.007109 0.045634
0 0.873622 0.503392 0.013503 0.090965
0 0.665824 0.217330 0.011684 0.041696
0 0.652717 0.214417 0.013147 0.046983
0 0.942514 0.365808 0.011371 0.040176
0 0.975791 0.391030 0.016544 0.051244
0 0.521751 0.160811 0.009953 0.042698
0 0.129559 0.719962 0.010897 0.033901
0 0.056864 0.395536 0.020234 0.035621
0 0.073143 0.428514 0.009411 0.033528
0 0.502956 0.163034 0.010068 0.021934
0 0.095556 0.179791 0.009772 0.028778
1 0.156020 0.343066 0.016061 0.031080
0 0.957743 0.367205 0.013627 0.040578