0 0.510417 0.506481 0.022917 0.118519
0 0.525521 0.499074 0.023958 0.112963
0 0.420312 0.485185 0.028125 0.094444
0 0.103646 0.385648 0.014583 0.065741
0 0.091667 0.386111 0.011458 0.064815
0 0.242708 0.546759 0.016667 0.082407
0 0.256250 0.536111 0.017708 0.055556
0 0.100521 0.353241 0.010417 0.025000
0 0.059635 0.304167 0.006771 0.030556
0 0.596615 0.037963 0.008854 0.044444
0 0.609375 0.038426 0.011458 0.037963
0 0.640104 0.033796 0.011458 0.043519
0 0.626042 0.040278 0.012500 0.036111
0 0.111198 0.375463 0.014063 0.062037