0 0.918750 0.586065 0.023750 0.134722
0 0.297656 0.383889 0.013021 0.068704
0 0.252060 0.432615 0.012963 0.083659
0 0.319835 0.415364 0.020313 0.066667
0 0.258776 0.390283 0.014219 0.067582
0 0.284013 0.433035 0.021974 0.080041
0 0.332590 0.398682 0.015179 0.056340
0 0.279990 0.377307 0.012207 0.036867
0 0.572181 0.499002 0.019804 0.048559
0 0.462344 0.317500 0.010104 0.050926
0 0.108593 0.725278 0.041564 0.143148
0 0.142969 0.831019 0.039062 0.125000
0 0.857736 0.498218 0.019568 0.040140
0 0.304727 0.313304 0.006017 0.039795
0 0.324699 0.353440 0.009775 0.020153
0 0.811579 0.397869 0.010023 0.054548
0 0.794271 0.414491 0.006354 0.024907
0 0.570900 0.526466 0.022800 0.040400
0 0.555437 0.396389 0.016250 0.037667
0 0.542990 0.382223 0.012646 0.030444
0 0.537156 0.365380 0.008687 0.029426
0 0.439011 0.356389 0.020833 0.041481
0 0.453932 0.323796 0.009531 0.020370
0 0.433516 0.324592 0.008802 0.021852
0 0.438099 0.312222 0.008281 0.034074
1 0.297474 0.445510 0.010469 0.026389
0 0.216396 0.446336 0.009612 0.053952
0 0.081342 0.471680 0.012150 0.083680
0 0.025801 0.694535 0.031498 0.119996
0 0.079884 0.889200 0.055620 0.221600
0 0.102301 0.882080 0.054877 0.223488
0 0.103095 0.711440 0.026190 0.099360
0 0.044100 0.665280 0.022860 0.096640
0 0.057262 0.625733 0.013425 0.035200
0 0.071146 0.585926 0.014584 0.076296
0 0.120375 0.477277 0.010500 0.029444
0 0.056655 0.583184 0.019260 0.028160
0 0.366016 0.619815 0.031302 0.065185
0 0.384219 0.592111 0.012688 0.052444
0 0.374688 0.571389 0.040313 0.096296
0 0.387470 0.503933 0.027039 0.054533
0 0.263750 0.381759 0.009896 0.061481
0 0.197403 0.903045 0.077278 0.112419