0 0.713091 0.711111 0.040485 0.192593
0 0.807140 0.774810 0.041866 0.245194
0 0.776404 0.803426 0.029692 0.253148
0 0.741961 0.877293 0.056318 0.245414
0 0.552672 0.916204 0.051218 0.167593
0 0.838802 0.675926 0.030729 0.177778
0 0.514986 0.847105 0.025966 0.097130
0 0.853318 0.553548 0.022526 0.078014
0 0.587363 0.770838 0.036134 0.146885
0 0.802271 0.624756 0.026439 0.100208
0 0.827498 0.547976 0.024438 0.088025
0 0.818128 0.540042 0.017599 0.069136
0 0.788312 0.584055 0.020911 0.116057
0 0.605109 0.557515 0.016151 0.039101
0 0.582112 0.550281 0.018208 0.032641
0 0.658996 0.555721 0.017749 0.044066
0 0.689078 0.662947 0.023318 0.096291