2 0.345495 0.609398 0.084740 0.183611
2 0.708385 0.805093 0.179271 0.234259
0 0.558516 0.869815 0.018489 0.089445
0 0.300859 0.632770 0.016614 0.086650
0 0.443229 0.665648 0.014583 0.079630
2 0.261771 0.368704 0.046667 0.120000
2 0.296823 0.477917 0.052500 0.133426
2 0.234010 0.294399 0.042500 0.105648
2 0.211901 0.224815 0.038906 0.072963
0 0.461875 0.609028 0.016042 0.081019
2 0.186146 0.608935 0.041354 0.093981
2 0.154974 0.051620 0.026302 0.018426
0 0.047300 0.123341 0.010265 0.045974
2 0.175846 0.115428 0.024785 0.071067
2 0.191903 0.163861 0.036819 0.076536