0 0.487787 0.910185 0.025469 0.103704
0 0.526380 0.917130 0.018906 0.102778
0 0.655104 0.761145 0.016458 0.068519
0 0.594270 0.719583 0.010417 0.052315
0 0.051572 0.872507 0.013835 0.085171
0 0.020422 0.872174 0.018750 0.077778
0 0.578492 0.727799 0.009890 0.060513
0 0.505130 0.978704 0.022760 0.042593
0 0.534427 0.978704 0.026979 0.042593
0 0.108151 0.890416 0.015052 0.070834
0 0.139401 0.879398 0.011719 0.061945
0 0.554965 0.712092 0.011112 0.045446
0 0.145530 0.942193 0.017377 0.091540
0 0.420573 0.812037 0.007916 0.053704
0 0.473776 0.743102 0.013177 0.046018
0 0.601712 0.710215 0.006992 0.041052
0 0.544408 0.710952 0.006808 0.030134
0 0.523151 0.646528 0.006719 0.033426
0 0.481759 0.748001 0.009711 0.058073
0 0.453062 0.649352 0.007292 0.038703
0 0.346615 0.809722 0.015104 0.041667
0 0.563047 0.707668 0.008385 0.045219
0 0.571252 0.720328 0.006870 0.032862
0 0.567864 0.741674 0.011460 0.036281
0 0.487945 0.665620 0.008173 0.037834
0 0.315229 0.774593 0.012333 0.038222
0 0.492297 0.615823 0.003969 0.020093
0 0.534678 0.638315 0.001688 0.017889
0 0.537240 0.642694 0.003646 0.029982
0 0.571573 0.669778 0.009090 0.047040
0 0.580510 0.697170 0.010908 0.031104
0 0.459748 0.694530 0.008280 0.022240
0 0.493021 0.662925 0.007500 0.038667
0 0.444349 0.643519 0.006302 0.023148
0 0.472028 0.794876 0.007819 0.049600
0 0.446645 0.820981 0.013875 0.029222
0 0.450208 0.806238 0.020550 0.025867
0 0.431236 0.806355 0.017010 0.028000
0 0.323203 0.739410 0.013177 0.021696
0 0.315846 0.747037 0.009975 0.024800
0 0.325724 0.758870 0.011969 0.019000
0 0.275590 0.824867 0.010890 0.027200
0 0.126589 0.934907 0.010052 0.017407
0 0.585239 0.731206 0.005804 0.034533