2 0.728906 0.177778 0.018750 0.027778
0 0.466016 0.193750 0.011719 0.051389
0 0.479687 0.282639 0.026562 0.190278
2 0.943359 0.336806 0.113281 0.204167
0 0.534375 0.247917 0.014063 0.104167
0 0.329297 0.324306 0.027344 0.101389
2 0.945312 0.225000 0.060937 0.036111
2 0.906641 0.222917 0.052344 0.062500
0 0.455469 0.191667 0.007812 0.041667
0 0.434375 0.240972 0.021875 0.087500
0 0.559766 0.226389 0.013281 0.088889
0 0.569531 0.249306 0.020313 0.098611
2 0.836719 0.200000 0.031250 0.027778
0 0.517578 0.234028 0.013281 0.070833