0 0.816548 0.950926 0.046012 0.098148
0 0.208163 0.788949 0.034091 0.132288
0 0.740479 0.436602 0.019271 0.103704
0 0.720508 0.972728 0.033854 0.054545
0 0.695573 0.361574 0.017188 0.078704
0 0.648893 0.344230 0.017839 0.067280
0 0.421901 0.350181 0.012344 0.070008
0 0.719654 0.465393 0.019129 0.077547
0 0.357498 0.341997 0.016983 0.060265
0 0.812533 0.445018 0.015975 0.096260
0 0.400471 0.329449 0.012495 0.053509
0 0.748594 0.181574 0.005937 0.046481
0 0.194404 0.251227 0.011817 0.053287
0 0.200706 0.238295 0.007590 0.035924
0 0.742370 0.115695 0.005990 0.031019
0 0.175822 0.432588 0.015027 0.074884
0 0.569625 0.211600 0.006150 0.040533
0 0.760204 0.231524 0.006167 0.039775
0 0.639062 0.166945 0.007188 0.012778
0 0.764167 0.107176 0.005521 0.029907
0 0.784425 0.101200 0.004650 0.024800