0 0.150984 0.262851 0.034282 0.142445
0 0.501965 0.087107 0.010029 0.062037
0 0.398390 0.073867 0.023429 0.054487
0 0.634661 0.056102 0.011823 0.053907
0 0.452109 0.076759 0.017864 0.077222
0 0.422161 0.091111 0.008906 0.045741
0 0.438880 0.068981 0.011094 0.069444
0 0.542604 0.037917 0.009583 0.057315
0 0.620813 0.054120 0.007958 0.041204
0 0.011354 0.442824 0.022708 0.137315
0 0.396145 0.053426 0.008750 0.028889
0 0.441615 0.031389 0.006667 0.030000
0 0.459438 0.058166 0.009625 0.046778
0 0.639407 0.044000 0.005937 0.041111
0 0.554312 0.041722 0.007375 0.026111