0 0.624740 0.882870 0.020313 0.113889
0 0.490625 0.941667 0.035417 0.105556
0 0.591406 0.884259 0.022396 0.111111
0 0.088802 0.843519 0.021354 0.081481
0 0.111198 0.838889 0.025521 0.090741
0 0.286198 0.761111 0.009896 0.055556
0 0.246354 0.769444 0.011458 0.068519
0 0.005729 0.863889 0.011458 0.040741
0 0.233594 0.757870 0.007812 0.056481
0 0.016146 0.856019 0.017708 0.056481
0 0.585677 0.756481 0.008854 0.048148
0 0.393490 0.743519 0.011979 0.055556
0 0.581510 0.793056 0.013021 0.030556
0 0.591406 0.802778 0.011979 0.050000
0 0.336458 0.755093 0.005208 0.060185
0 0.505469 0.918981 0.018229 0.058333
0 0.725781 0.745370 0.006771 0.038889
0 0.831250 0.745370 0.007292 0.038889
0 0.799479 0.736574 0.005208 0.028704
0 0.832552 0.768056 0.006771 0.025000