0 0.704167 0.901852 0.041667 0.101852
0 0.319271 0.861574 0.023958 0.106481
0 0.698958 0.775926 0.022917 0.096296
0 0.506771 0.932870 0.025000 0.087963
0 0.802344 0.655093 0.017188 0.082407
0 0.588802 0.830556 0.027604 0.103704
0 0.558073 0.793519 0.029687 0.088889
0 0.920312 0.580556 0.015625 0.074074
0 0.937240 0.595833 0.015104 0.069444
0 0.739844 0.593056 0.027604 0.060185
0 0.429427 0.961111 0.025521 0.077778
0 0.761198 0.766204 0.021354 0.080556
0 0.968750 0.479167 0.011458 0.054630
0 0.764583 0.704630 0.020833 0.079630
0 0.743750 0.761574 0.012500 0.045370
0 0.705729 0.527315 0.014583 0.049074
0 0.820052 0.531944 0.008854 0.026852
0 0.838802 0.524537 0.015104 0.032407
0 0.981771 0.444907 0.007292 0.041667
0 0.974479 0.449537 0.009375 0.030556
0 0.877604 0.475926 0.012500 0.044444
0 0.848177 0.482870 0.009896 0.054630
0 0.833594 0.473148 0.009896 0.055556
0 0.858333 0.493981 0.008333 0.025000
0 0.861719 0.519444 0.013021 0.046296
0 0.846615 0.555556 0.011979 0.025926
0 0.739583 0.564815 0.013542 0.033333
0 0.854167 0.539352 0.010417 0.028704
0 0.708594 0.553704 0.034896 0.062963
0 0.741927 0.802315 0.017188 0.043519
0 0.434896 0.574074 0.013542 0.062963
0 0.129167 0.735185 0.035417 0.068519
0 0.036458 0.758796 0.017708 0.060185