0 0.263802 0.532407 0.017188 0.083333
0 0.280651 0.715912 0.024114 0.116695
0 0.303146 0.729361 0.012563 0.064241
0 0.356222 0.430405 0.012763 0.047523
0 0.119323 0.434991 0.021979 0.094093
0 0.500768 0.947111 0.015938 0.029845
0 0.467766 0.900379 0.028051 0.050548
0 0.434625 0.848509 0.025607 0.043068
0 0.398012 0.762828 0.015850 0.028177
0 0.131218 0.585094 0.012750 0.036457
0 0.058133 0.619583 0.018240 0.036992
0 0.096428 0.361426 0.012485 0.074456
0 0.309086 0.587643 0.014450 0.032490
0 0.417478 0.807601 0.028000 0.057122
0 0.286189 0.442077 0.017532 0.048969