2 0.599219 0.149537 0.041146 0.028704
2 0.422396 0.152778 0.046875 0.029630
2 0.738281 0.172222 0.047396 0.031481
2 0.479687 0.150926 0.043750 0.027778
0 0.958594 0.793519 0.034896 0.129630
2 0.688281 0.152778 0.034896 0.025926
2 0.339844 0.159722 0.025521 0.025000
2 0.720052 0.380556 0.089063 0.172222
0 0.704427 0.175463 0.006771 0.036111
0 0.687500 0.173611 0.006250 0.032407
2 0.142187 0.943981 0.153125 0.112037
2 0.757292 0.967130 0.116667 0.065741
2 0.844531 0.190741 0.023438 0.016667
2 0.725521 0.158796 0.026042 0.015741
2 0.021094 0.960185 0.042188 0.079630