0 0.736458 0.548148 0.104167 0.244444
0 0.563021 0.211111 0.051042 0.211111
0 0.068490 0.506944 0.039062 0.156481
0 0.323177 0.131481 0.031771 0.146296
0 0.599740 0.217593 0.036979 0.177778
0 0.224740 0.111574 0.022396 0.084259
0 0.277865 0.078704 0.018229 0.087037
0 0.375781 0.166667 0.030729 0.074074
0 0.126302 0.144907 0.017188 0.093519
0 0.426302 0.172222 0.036979 0.042593
0 0.527604 0.090741 0.018750 0.064815
0 0.497135 0.035185 0.013021 0.066667
0 0.511979 0.063426 0.017708 0.062037
0 0.451302 0.161111 0.030729 0.040741
0 0.469271 0.018056 0.010417 0.036111
0 0.366927 0.029630 0.011979 0.037037
0 0.198437 0.069444 0.007292 0.035185
0 0.185156 0.068519 0.008854 0.031481
0 0.102604 0.156944 0.011458 0.067593