0 0.657295 0.790365 0.025515 0.124825
0 0.893253 0.656335 0.012869 0.064815
0 0.977604 0.678241 0.013542 0.065741
0 0.904818 0.608565 0.009219 0.057130
0 0.270833 0.364769 0.005625 0.025092
0 0.767422 0.612454 0.010052 0.057130
0 0.797244 0.621204 0.011138 0.030555
0 0.787032 0.373519 0.005313 0.023148
0 0.692656 0.373472 0.003542 0.025278
0 0.646586 0.464896 0.009369 0.046332
0 0.665571 0.763210 0.008633 0.066769
0 0.783156 0.620277 0.010937 0.035889
0 0.779265 0.610000 0.011970 0.060000
0 0.747487 0.594734 0.007725 0.035867
0 0.798562 0.380031 0.006002 0.028272
0 0.655444 0.463684 0.008347 0.036642